166 6 10
0 0.4304672100000001 108.84540240999999 0.0005062499999999988 282.5760999999999 39.06249999999997 1393.6856904100011 795.0200552100004 0.0008352099999999986 0.25411680999999997 471.56728336000003 8.95745041 0.5996953599999997 97.21171216000002 221.99808015999997 0.016796159999999977 15.682392009999992 0.0045697600000000164 24.72973441 274.3959120100001 66.90585615999998 517.6944584099998 5.47981281 1667.2603904100006 1278.8062081600003 869.3593280099998 0.11316496000000005 2.520473760000002 4.096000000000014e-05 8.752130560000005 0.004569759999999985 308.21664720999985 0.0033177599999999873 530.8416000000003 795.0200552100004 1.0000000000000923e-08 492.13429280999964 539.7444097600002 1147.3394817600001 0.0003841600000000014 1575.2961000000007 144.98327281000005 0.7163929599999997 115.74317055999997 4.096000000000014e-05 0.24010000000000023 771.3339744099998 620.0149800100002 0.07890480999999988 1625.9040062499996 67.84652160999997 697.9952641600003 0.22667120999999993 1048.2118512099996 36.62186255999997 177.48900625 0.002798409999999999 7.233948160000002 0.0023425600000000083 0.7480520100000005 424.8380545599997 20.199631359999987 99.71220735999997 54.73632256000002 39.691260010000015 177.48900625 3.5227536099999965 189.4504488099999 141.66950624999996 199.87173376000004 1477.633600000001 0.1785062499999999 0.35153041 1807.1341081599994 620.0149800100002 571.7885264100003 335.5637785599998 0.35153041 777.2051865600007 0.007072810000000003 23.42559999999999 3.4210201599999985 0.00390625 708.9225753600001 0.8145062499999991 1.3604889600000003 2.9449992100000006 37.220980810000015 0.6561000000000003 117.16114080999994 141.66950624999996 335.5637785599998 1155.2453232100002 371.4138384100002 23.002575209999996 73.70050801000002 65.97500625 107.50371856000002 85.40717055999995 1.3604889600000003 544.23757521 0.0013032099999999984 72.69949695999995 173.63069361000007 0.18974735999999964 1.3107960099999991 783.1098528100006 69.75757441000002 354.77982735999996 181.4112672099999 0.03748095999999998 2.4414062499999964 0.31640625 1393.6856904100011 2346.588610560001 31.54956560999998 1677.7216000000003 0.0005062499999999988 4.543718559999994 351.52125121 183.39659776000002 189.4504488099999 111.56640624999994 255.9999999999999 9.815062410000001 650.3775062500004 122.96370320999995 0.9223681599999999 0.02313441000000003 158.82300625000005 0.044774559999999984 0.00390625 0.35153041 0.009235210000000006 63.240665759999985 102.26063376000002 16.322408010000007 86.53650625000003 128.97917760999994 248.40596881000005 288.1302553599998 483.8284152099998 1688.23196161 0.002798409999999999 4.065868960000001 2.8561000000000005 6.250000000000133e-06 103.55301121 0.6857496100000005 1.6304736100000006 314.1437208099997 345.07149121000015 195.65295375999995 7.059117610000006 25.62890624999998 19.08029761000001 76.76563455999995 1100.7531417599998 660.7418840100001 0.28398240999999996 6.561000000000088e-05 6.560999999999958e-05 0.6561000000000003 311.1695999999998 16.322408010000007 0.009235210000000006
0.4304672100000001 0 34.29742096 0.8493465599999999 117.16114081 8.15730720999999 789.0481000000004 410.0625 0.9223681599999999 5.33794816 219.70650624999993 0.7163929599999997 2.4009999999999782e-05 29.472955210000002 86.53650624999997 1.8738872099999995 1.9387777599999982 1.3107960100000013 4.0658689599999995 112.94588175999996 17.661006249999993 245.91257856 29.98219535999999 969.4754049600001 714.43409521 455.5834113599997 3.7330104100000012 0.041006250000000063 0.6274224100000003 40.971520810000015 0.09150625000000018 130.51691535999998 0.1055600100000002 253.44958401000005 410.0625 0.45212176000000065 231.34409999999988 258.56961600999995 630.01502001 0.8145062500000007 908.4256280100002 50.06411536000001 0.00014640999999999932 37.220980809999986 0.28398240999999996 5.198856010000003 395.6757505599997 305.2847617599999 0.006146560000000022 941.9743105599994 18.008140959999988 351.52125121 0.00020736000000000073 567.1256473599996 7.41200624999999 65.05390335999999 0.11316496000000005 0.47458321000000014 1.125508810000001 9.166361760000004 193.56878640999992 2.9449992099999966 30.49800624999998 13.308633610000005 8.352100000000004 65.05390335999999 0.09834495999999973 70.72809999999994 48.57532415999998 75.73350625000002 844.0245144100004 4.543718559999999 2.560000000000009e-06 1063.0273368099993 305.2847617599999 277.10263296 144.98327280999996 2.560000000000009e-06 399.2363648100002 0.07311616000000001 3.733010409999997 0.09150624999999989 0.09834496000000004 358.0610062499999 0.0003841599999999965 12.759898410000003 0.0625 7.593331360000002 8.550360810000004 37.827420159999974 48.57532415999998 144.98327280999996 635.0601601599998 164.26010896000003 3.626739359999999 20.199631360000005 17.31891456 33.73402561000001 24.72973440999998 0.005314410000000001 261.1585281599999 0.1477633600000001 19.82119440999998 63.24066576000003 0.0005062500000000047 0.004569759999999985 402.82095616000015 18.717736960000003 155.27402881000003 66.90585615999994 0.018741610000000023 0.03748095999999983 1.2960000000000045e-05 789.0481000000004 1430.5415062500003 5.922408959999994 976.4437536099999 0.18974736000000017 0.17850624999999942 153.52201215999992 67.84652161000001 70.72809999999994 35.44535295999997 103.55301120999994 44.30766096000001 323.1941017600001 40.327580159999975 0.0008352099999999986 0.031116959999999978 56.364057760000016 0.015006250000000014 0.09834496000000004 6.232012960000001 1.5735193600000006 16.322408009999993 31.549565610000005 2.073600000000001 25.17630976000001 42.94967295999997 99.71220736000002 120.03612720999995 226.63495935999998 983.4495999999998 0.11316496000000005 24.72973441000002 19.82119441000001 0.5470081600000009 32.08542736 8.752130560000005 14.164684960000004 133.63359999999992 150.0625 73.70050800999996 0.45212176000000065 4.299816959999994 2.6843545600000023 21.36750624999998 600.3725062499997 329.33538575999995 5.62448656 0.656100000000001 0.2687385600000003 8.550360810000004 132.06836240999996 2.073600000000001 0.0625
108.84540240999999 34.29742096 0 130.51691535999998 0.5728976100000003 0.2839824100000007 68.79707136000007 18.717736960000003 133.63359999999997 240.98215696 4.181616009999996 5.0625 30.498006250000003 6.560999999999958e-05 0.1575296099999999 166.10312160999996 2.3642137600000015 148.35483601000004 1.0 0.49787135999999965 0.018741610000000023 5.62448656 513.36683776 99.71220736000002 57.19140625 23.42559999999997 210.71715921 15.061384809999993 120.03612721 600.3725062500001 77.80827681000002 0.8493465599999999 79.92538801000002 6.075732010000005 18.717736960000003 110.19960576000003 4.797852159999994 6.391289609999998 44.99860560999999 128.97917761000002 88.82874001000003 0.0033177600000000116 28.47396321 6.249999999999911e-06 98.45600624999999 238.54493601000004 17.31891455999997 9.595125759999995 53.144100000000016 94.7585433599999 0.01679616000000006 13.308633610000005 41.623142560000005 36.62186255999995 0.35153041000000085 0.031116959999999978 81.0 6.391289609999998 141.66950625000004 299.48379136000005 2.9449992099999966 1.5180704100000018 2.401000000000039e-05 0.06765200999999989 0.2687385599999996 0.031116959999999978 11.968832160000009 0.0530841599999998 0.002342559999999989 0.07890481000000014 77.80827681000007 226.63495935999998 36.62186256 117.16114080999988 9.595125759999995 7.593331360000002 1.2155062499999991 36.62186256 17.661006250000025 74.71182096 1.125508810000001 12.228309610000002 78.86150416 13.874880009999991 27.023362560000013 345.07149121000015 13.589544959999998 0.3336217599999996 290.93783761 1.2959999999999662e-05 0.002342559999999989 1.2155062499999991 45.69759999999997 1.8106393600000008 1.1698585600000002 0.00809999999999998 0.020851359999999975 9.999999999999147e-09 0.0013032100000000108 21.367506249999998 6.553599999999994 85.40717056 0.00923521000000006 0.02560000000000009 43.624704010000016 21.767823360000005 18.008140960000016 0.013363359999999977 1.5180704100000018 0.03748095999999983 60.59221281000001 15.369536160000013 37.827420159999996 68.79707136000007 193.5687864100001 0.5470081600000009 100.98039121 89.99178496 9.81506241000001 1.4640999999999982 0.041006250000000063 0.0530841599999998 1.5999999999998634e-07 0.35153040999999924 625.0 10.971993760000007 9.999999999999858e-05 25.62890625 65.05390335999999 0.010485760000000037 58.87339441 78.86150416 256.0 157.04099856000002 0.02825761000000004 6.249999999999911e-06 2.2153345599999983 0.0010497599999999933 0.0003841599999999965 0.29986576000000037 0.6274224099999991 4.543718559999999 102.26063375999996 81.0 467.53250625000015 421.1073368100001 115.74317056000004 2.560000000000009e-06 293.76588816000015 361.3648921600001 0.9223681599999982 1.3604889600000003 0.06765200999999989 6.553599999999994 0.9223681600000017 1.6889601599999982 0.005314410000000037 40.97152080999996 11.462287359999996 245.91257856 121.49330176000004 97.21171216000002 290.93783761 0.885292809999999 2.2153345599999983 72.69949695999999
0.0005062499999999988 0.8493465599999999 130.51691535999998 0 326.25390625 49.31550624999996 1535.6679937600006 888.73149456 1.6000000000000056e-07 0.09834496000000004 535.2791232099999 12.491983359999997 1.1255088099999992 117.16114081 258.56961600999995 0.0019448099999999986 20.972736159999986 0.0001464100000000017 32.08542736 317.13911055999995 82.08541200999997 585.94980096 3.626739360000001 1829.40976656 1412.0234136099998 969.4754049599994 0.03418801000000005 3.9525416100000017 2.4009999999999782e-05 6.075732010000005 0.028257609999999916 354.77982735999996 0.023134409999999925 600.3725062500001 888.73149456 0.0003841599999999965 557.8855041599998 610.1344608099998 1270.2737528099997 9.999999999999147e-09 1730.76800625 171.72529936 1.3107960099999991 138.41287200999994 0.002798409999999999 0.09150625000000018 862.9728769599994 697.9952641599998 0.21381375999999963 1785.062499999999 83.18169615999996 783.10985281 0.49787135999999965 1163.1919513599992 46.40470640999996 208.51359999999997 0.020851359999999975 10.266256810000002 2.401000000000039e-05 0.37015056000000046 483.8284152099998 26.55237840999998 120.03612720999995 67.84652161000001 50.06411536000001 208.51359999999997 5.337948159999994 221.99808015999986 167.96159999999995 233.72600161000003 1625.9040062500005 0.0625 0.7163929599999997 1979.2622232099989 697.9952641599998 645.2412825600001 385.1367000099999 0.7163929599999997 869.3593280100004 0.03748095999999998 30.49800624999998 5.198856009999997 0.025599999999999977 795.0200552099998 1.4640999999999982 0.7480520100000005 4.543718559999999 47.11998736000001 0.3164062500000004 140.0340889599999 167.96159999999995 385.1367000099999 1278.8062081599996 424.83805456 29.98219535999999 89.99178496 81.0 128.97917761000002 103.55301120999994 2.28886641 615.0598401599998 0.013363359999999977 88.82874000999993 204.15837456000006 0.43046720999999916 2.2153345599999983 875.7811609600003 85.40717056 406.4296320100001 212.93813775999988 0.12117360999999989 3.8415999999999944 0.6560999999999998 1535.6679937600006 2555.5148144100003 40.327580159999975 1840.6245062499997 0.00809999999999998 6.718982409999991 402.8209561599998 215.17662721000002 221.99808015999986 133.63359999999992 296.61450624999986 6.887475360000002 731.1616000000001 146.66178815999993 1.6304736099999995 0.08503056000000002 187.41610000000003 0.1384584099999999 0.025599999999999977 0.1477633600000001 0.0006553600000000023 77.80827680999997 122.96370321 21.767823360000005 104.85760000000002 153.52201215999992 288.13025536000004 332.4386424099999 548.75873536 1851.8907289599995 0.020851359999999975 2.601446410000002 1.7490062500000008 9.999999999999858e-05 124.44741135999998 0.3336217600000004 0.9223681600000008 361.3648921599998 395.67575056 228.98045040999992 10.038758560000005 33.17759999999997 25.17630976000001 93.54951840999993 1219.9721696099994 742.4753025599998 0.11316496000000005 1.2959999999999662e-05 0.0033177599999999873 0.3164062500000004 358.0610062499999 21.767823360000005 0.044774559999999984
282.5760999999999 117.16114081 0.5728976100000003 326.25390625 0 6.553600000000008 16.32240801000002 2.14358881 332.4386424099999 535.2791232100002 0.09834495999999973 31.549565610000005 107.50371856000002 0.8493465599999999 0.0033177600000000116 395.67575056 19.82119441000001 361.3648921600001 12.228309610000002 8.100000000000269e-07 2.3642137600000015 0.2015112099999999 1004.69346961 27.500584810000003 12.491983359999997 3.129007209999992 479.71512575999986 65.05390335999999 305.2847617599999 1147.3394817600001 217.43271936000008 6.560999999999958e-05 221.9980801600001 0.24010000000000023 2.14358881 285.34304241000007 0.13845840999999948 0.2687385599999996 8.752130559999994 323.1941017600001 23.425600000000006 0.1575296099999999 102.26063376000002 0.45212176000000065 261.1585281599999 530.8416000000003 1.873887209999994 0.6274224099999991 162.43247601000004 25.62890624999996 2.2888664100000033 1.1698585600000002 135.21270961000002 6.391289609999983 7.23394816000001 0.041006250000000063 224.30753361000004 36.62186256 348.2851737600001 640.1355408100002 0.03748095999999983 15.369536160000013 0.7807489600000013 3.626739359999999 6.391289609999998 0.041006250000000063 55.545718410000035 0.023134410000000136 0.1785062500000004 0.013363359999999977 19.44810000000002 509.06640625 122.96370321 34.29742095999995 0.6274224099999991 0.3895008100000001 0.0010497599999999933 122.96370321 1.938777760000004 210.71715921 13.03210000000001 56.364057760000016 219.70650625000002 1.262476959999998 98.45600625000004 719.9776897599999 60.59221281000001 7.059117609999998 625.0 0.43046721000000104 0.1785062500000004 0.0010497599999999933 8.957450409999991 0.007072810000000003 13.308633610000005 1.8738872099999995 2.44140625 0.5996953599999997 1.2624769600000023 83.18169616 0.2839824099999993 233.72600161000003 1.938777760000004 0.0487968099999999 140.03408896000008 84.28892481000003 2.0053392100000025 2.14358881 0.0033177600000000116 0.03418801000000019 179.44209936000001 65.97500625000005 125.94450625000002 16.32240801000002 66.90585616000003 8.957450410000009 27.98409999999999 243.43800625000006 48.575324160000044 0.0027984099999999773 0.031116959999999978 0.023134410000000136 0.5220062500000013 0.00010000000000000213 1187.2779576100002 0.8145062500000007 0.35153041000000085 94.75854336000002 189.45044880999998 0.09150624999999989 175.55190016000003 219.70650625000002 562.49134561 378.2285936100001 2.6843545600000023 0.7163929599999997 19.080297609999995 1.2155062499999991 0.2839824100000007 0.0002856099999999991 1.5999999999998634e-07 0.12117360999999989 28.47396320999998 224.30753361000004 928.4452761600003 850.3056000000003 296.6145062500001 0.6857496100000005 630.01502001 748.1811384100002 0.00014640999999999697 0.0019448099999999986 0.01679616000000006 37.220980809999986 11.713506250000014 16.322408009999993 1.6889601600000033 7.593331359999986 0.885292809999999 544.23757521 308.21664721000013 258.56961600999995 625.0 9.999999999999858e-05 19.080297609999995 206.32736881
39.06249999999997 8.15730720999999 0.2839824100000007 49.31550624999996 6.553600000000008 0 169.83563041000022 62.34839521000004 50.82121520999996 106.17447680999993 21.767823360000005 0.35153040999999924 6.8874753599999945 0.1677721600000006 3.4210201600000034 66.90585615999994 0.06765200999999989 58.02782975999998 0.0053144099999999665 6.075732010000005 0.01679616000000006 26.55237841000002 263.7668328099998 228.98045041000015 146.66178816000007 73.70050800999996 89.99178495999996 2.364213759999995 44.30766095999997 317.13911055999995 25.176309759999988 8.157307210000008 26.08757775999999 27.984100000000034 62.34839521000004 39.691260009999986 23.85443281 28.970229760000013 121.49330176000004 48.57532415999998 208.51360000000017 0.8852928100000024 6.232012959999994 0.37015056000000046 34.29742095999997 104.85759999999996 58.87339440999996 38.441240010000016 15.061384809999993 219.70650624999993 0.018741610000000023 48.575324160000044 10.73283120999999 103.55301120999994 2.560000000000009e-06 1.749006250000002 26.55237840999998 0.5470081599999985 54.73632255999998 138.41287200999994 17.31891456 0.020851359999999975 0.18974736000000017 0.0023425600000000274 1.00000000000027e-08 1.749006250000002 1.6304736099999995 2.14358881 0.8145062500000007 2.5204737600000056 187.41610000000023 98.45600624999993 8.957450409999991 261.1585281599999 38.441240010000016 32.62808641000003 10.038758560000005 8.957450409999991 59.7281665600001 23.85443280999998 0.00809999999999998 1.6889601599999982 25.62890624999998 50.06411536000001 5.772006249999998 164.26010895999994 2.0053392099999967 8.099999999999309e-07 133.63359999999992 0.3895008100000001 0.8145062500000007 10.038758560000005 122.96370321 12.759898410000016 0.009235209999999954 0.03418801000000019 0.01500625000000009 0.26873856000000096 0.08503056000000002 4.065868959999994 29.472955210000002 28.47396320999998 0.031116959999999978 1.6304736100000046 11.462287359999996 4.181616009999996 60.59221281000008 0.023134410000000136 11.462287360000019 1.8738872099999995 18.008140959999988 2.44140625 9.378906249999991 169.83563041000022 395.6757505600003 0.0002856099999999991 231.34410000000008 30.49800624999998 1.1698585600000002 11.215131210000001 1.938777760000004 2.14358881 0.31640625 5.0625 332.4386424099999 42.28250625000005 0.47458321000000014 5.337948159999994 19.82119440999998 1.2155062500000033 17.318914559999985 25.62890624999998 114.33811040999994 62.348395209999964 0.010485760000000037 0.21381376000000077 0.05764800999999968 0.09150625000000047 0.5728976100000003 4.669488810000008 6.887475360000002 23.002575210000018 233.72600161000003 26.55237840999998 236.12624895999997 208.51359999999997 42.28250624999999 0.2266712100000005 135.21270960999996 173.63069360999998 8.550360809999999 10.732831210000011 2.3642137600000015 0.572897609999998 0.00390625 0.028257609999999794 0.044774559999999984 112.94588175999996 43.624704010000016 108.84540240999993 44.99860560999999 33.73402560999998 133.63359999999992 8.352100000000004 0.05764800999999968 23.00257520999998
1393.6856904100011 789.0481000000004 68.79707136000007 1535.6679937600006 16.32240801000002 169.83563041000022 0 0.40960000000000146 1555.3873945600012 2163.4033537600003 4.420506250000013 368.0412033600003 748.1811384100002 77.80827681000007 25.62890625000004 1752.3349488100007 288.13025536000026 1646.484813610001 226.63495936000018 17.31891456000003 111.56640625000013 3.224179360000007 3407.010204160001 0.006146559999999944 0.0002856100000000069 0.21381376000000188 2003.1084872100016 553.3080062500003 1468.1235192100012 3758.781219210002 1171.1795062500012 13.589544960000023 1187.2779576100008 2.9449992100000046 0.40960000000000146 1402.832079360001 3.8416000000000134 2.769228810000008 0.00707281000000009 1525.878906250001 0.0013032099999999863 48.575324160000044 725.5534832100008 64.14247921000009 1322.115048810001 2150.7426512100005 0.49787136000000387 1.5735193600000057 969.4754049600007 0.0033177599999999136 110.19960576000015 0.8852928100000024 862.9728769600006 0.031116960000000506 177.48900625000024 36.621862560000054 1195.3891353600006 399.2363648100002 1605.516747210001 2456.3521945600014 6.075732010000018 253.44958401000028 75.7335062500001 132.06836241000008 167.9616000000001 36.621862560000054 504.7930497600005 33.17760000000007 50.06411536000008 30.498006250000028 6.560999999999958e-05 2088.2706457600007 813.1394433600004 0.028257609999999548 1.5735193600000057 2.2153345600000045 11.215131210000024 813.1394433600004 0.47458321000000014 1147.3394817600001 233.72600161000025 509.0664062500004 1179.208128160001 0.8145062500000037 708.9225753600006 2672.486755210002 530.8416000000003 175.55190016000012 2414.749428010001 63.240665760000105 50.06411536000008 11.215131210000024 0.0061465600000000994 8.752130560000014 236.1262489600002 102.26063376000008 112.94588176000009 69.75757441000006 88.82874001000013 640.1355408100006 2.6843545600000094 1228.2501529600006 103.55301121000016 37.827420160000024 882.2385062500007 645.2412825600005 0.45212176000000065 107.50371856000008 9.81506241000001 35.44535296000007 1033.5517712100007 557.8855041600006 825.3899161600008 0 0.5220062499999991 195.65295376000023 0.007072809999999916 1261.7840665600006 467.5325062500005 10.038758560000026 34.867844010000034 33.17760000000007 66.90585616000011 19.821194410000047 3855.7145113600013 1.2624769600000023 59.7281665600001 692.5792256100004 1070.4936985600004 42.949672960000036 1019.0460062500002 1179.208128160001 2240.545423360001 1698.791628960001 117.16114081000013 73.70050801000006 282.57610000000017 87.67700496000006 56.364057760000094 20.97273616000002 15.682392010000035 4.065868960000009 0.008099999999999885 1195.3891353600006 3214.992060810002 3014.8994456100017 1439.868559360001 72.69949696000008 2428.557824160002 2747.6047897600015 13.032100000000034 10.497600000000016 31.54956561000005 402.82095616000015 221.99808016000028 261.1585281600001 98.45600625000016 0.015006250000000243 1.1698585600000042 2188.892367360001 1477.633600000001 1313.3665921600011 2414.749428010001 13.30863361000003 282.57610000000017 1131.6496000000006
795.0200552100004 410.0625 18.717736960000003 888.73149456 2.14358881 62.34839521000004 0.40960000000000146 0 901.8249241600003 1313.3665921599995 0.1785062500000004 164.26010896000003 385.1367000099999 22.173739209999997 4.4205062500000025 1033.55177121 121.49330176000004 962.5444200100002 89.99178496 2.3642137600000015 36.030006250000014 0.08503056000000002 2188.8923673599998 1.3604889600000003 0.2015112099999999 0.0002073599999999946 1203.5418024100004 269.04200624999993 844.0245144100004 2442.4253568100003 650.3775062500004 1.5735193600000006 660.7418840100001 0.06765200999999989 0 801.0258457600002 0.12960000000000046 0.057648010000000104 0.06765200999999989 882.2385062500001 0.9605960100000008 11.462287359999996 371.4138384100002 16.98181681000001 748.1811384100002 1304.6616240099997 2.5600000000002364e-06 0.010485760000000037 522.0493825600001 1.1698585599999962 35.44535296000002 0.0008352099999999986 455.58341136 0.02085135999999978 65.97500625000005 7.593331360000002 665.9702809600001 181.41126720999998 935.1914448100001 1516.1366937600003 0.35153041000000085 103.55301121000005 21.367506250000012 44.99860560999999 61.46559999999999 7.593331360000002 240.98215696000008 6.553600000000008 11.968832160000009 5.772006249999998 0.6274224100000017 1261.78406656 424.83805456 2.1435888099999936 0.010485760000000037 0.031116959999999978 1.125508810000001 424.83805456 8.099999999999309e-07 635.0601601599998 93.54951841000003 243.43800625000006 655.5443329600002 0.0005062500000000047 361.3648921600001 1667.2603904100006 256.0 65.05390335999999 1487.18980881 16.649664160000015 11.968832160000009 1.125508810000001 0.07311615999999976 0.7163929599999997 94.75854336000002 32.08542736 36.62186256 19.080297609999995 26.55237841000002 320.15587041000015 0.053084160000000186 687.19476736 32.62808641000003 7.965941759999994 467.53250625000015 323.1941017600001 1.5999999999998634e-07 34.29742096 0.885292809999999 7.23394816000001 562.49134561 271.70906896000014 432.3738009600002 0.40960000000000146 7.412006250000006 74.71182096000004 1.4115816099999992 708.9225753600001 219.70650625000013 0.9223681600000017 7.059117609999998 6.553600000000008 18.008140960000016 2.9449992100000046 2512.6559769600003 0.004569759999999985 15.369536160000013 351.52125121 585.94980096 9.595125759999995 553.3080062499998 655.5443329600002 1366.51472896 997.5743233600001 38.441240010000016 20.583461609999997 118.59209999999997 26.08757775999999 14.164684960000011 3.2241793599999986 2.0053392100000025 0.1477633600000001 1.4640999999999982 665.9702809600001 2051.4467904100006 1908.9996024100003 825.3899161600002 20.199631360000005 1496.7922945600005 1720.0594969600004 1.4641000000000028 1.0 6.075732010000005 183.39659775999993 87.67700496000006 107.50371855999997 30.498006250000028 0.041006249999999744 0.0033177600000000116 1330.90713856 850.3056000000003 742.4753025600004 1487.18980881 1.5180704100000018 118.59209999999997 625.0
0.0008352099999999986 0.9223681599999999 133.63359999999997 1.6000000000000056e-07 332.4386424099999 50.82121520999996 1555.3873945600012 901.8249241600003 0 0.08503056000000002 544.23757521 13.032099999999998 1.2155062499999991 120.03612721 263.7668328099998 0.0013032099999999984 21.767823359999987 6.561000000000088e-05 33.1776 323.1941017600001 84.28892480999998 595.5356929599998 3.421020160000001 1851.8907289600006 1430.5415062500003 983.4495999999998 0.02825761000000004 4.181616010000002 6.560999999999958e-05 5.772006250000004 0.03418800999999991 361.3648921599998 0.028257609999999916 610.1344608100003 901.8249241600003 0.000655359999999995 567.1256473599996 620.0149800100002 1287.3815760100001 8.099999999999789e-07 1752.3349488100007 175.55190016000003 1.4115816099999992 141.66950624999996 0.00390625 0.07890481000000014 875.7811609599996 708.9225753600001 0.24009999999999965 1807.1341081599994 85.40717055999995 795.0200552100004 0.5470081599999996 1179.2081281599994 47.84350560999996 212.93813775999996 0.025599999999999977 10.73283121 6.250000000000133e-06 0.3336217600000004 492.13429280999964 27.50058480999998 122.96370320999995 69.75757441000002 51.58686976000001 212.93813775999996 5.624486559999994 226.63495935999987 171.72529935999992 238.54493601000004 1646.484813610001 0.05308415999999999 0.7807489599999998 2003.1084872099993 708.9225753600001 655.5443329600002 392.13900624999974 0.7807489599999998 882.2385062500007 0.044774559999999984 31.54956560999998 5.479812809999997 0.031116959999999978 807.0655992100001 1.5735193599999981 0.6857496100000005 4.79785216 48.57532416000001 0.2839824100000003 143.3192065599999 171.72529935999992 392.13900624999974 1296.0 432.3738009600002 31.020444159999993 92.35210000000001 83.18169616 132.06836241000002 106.17447680999993 2.44140625 625.0 0.016796159999999977 91.16621360999993 208.51360000000005 0.47458320999999914 2.3642137599999984 888.7314945600006 87.67700496 413.7196680099999 217.43271935999988 0.1384584099999999 4.065868959999994 0.7163929599999997 1555.3873945600012 2584.390401610001 41.62314255999998 1863.2085920100003 0.01048575999999998 7.059117609999991 410.0625 219.70650625000002 226.63495935999987 136.80577295999993 302.37384320999996 6.553600000000001 742.4753025600004 150.06249999999991 1.7490062499999994 0.09834496000000004 191.50131456000005 0.1575296099999999 0.031116959999999978 0.12960000000000008 0.0003841600000000014 79.92538800999998 125.94450625000002 22.585305760000008 107.50371856000002 157.04099855999993 293.76588816000015 338.7108968099997 557.8855041599998 1874.57825296 0.025599999999999977 2.4414062500000018 1.6304736100000006 0.00020735999999999766 127.45506815999998 0.29986576000000037 0.8493465600000006 368.04120335999966 402.82095616000015 233.72600160999994 10.497600000000006 34.29742095999997 26.08757776000001 95.97924960999993 1236.5701920099998 753.9197977600002 0.09834496000000004 4.0959999999999235e-05 0.004569759999999985 0.2839824100000003 364.69158960999977 22.585305760000008 0.05308415999999999
0.25411680999999997 5.33794816 240.98215696 0.09834496000000004 535.2791232100002 106.17447680999993 2163.4033537600003 1313.3665921599995 0.08503056000000002 0 831.5668016099995 35.445352959999994 6.391289609999998 219.70650625000002 436.1790480100001 0.015006250000000014 53.14409999999998 0.041006249999999904 74.71182096 522.0493825599997 162.43247600999996 901.8249241600003 0.45212176000000015 2541.1680999999994 2003.1084872099993 1421.259840159999 0.0002856099999999991 15.061384810000005 0.1575296099999999 1.040604010000001 0.885292809999999 576.4801000000002 0.8145062499999991 921.7356720099998 1313.3665921599995 0.24009999999999965 862.97287696 935.1914448099996 1818.2463528099993 0.10556000999999988 2414.7494280099995 305.2847617599999 7.059117609999998 253.44958400999994 0.3895008100000001 9.999999999999147e-09 1278.8062081599987 1055.6000999999994 2.3642137599999984 2484.3844609599983 164.26010895999994 1171.1795062499998 3.8415999999999992 1677.7215999999985 100.98039120999994 361.3648921599998 0.7807489599999998 30.498006250000003 0.05764800999999989 0.0023425600000000083 759.69140625 64.14247920999996 224.30753360999992 138.41287201000003 107.50371856000002 361.3648921599998 18.717736959999986 381.67092496 299.48379136000005 399.2363648100002 2279.88105361 1.2960000000000045e-05 4.79785216 2732.456074409998 1055.6000999999994 983.4495999999998 620.0149800100002 4.79785216 1287.3815760100001 1.0 71.70871760999997 18.360368009999995 0.8493465599999999 1187.2779576099995 7.593331359999994 0.018741610000000023 16.64966416 102.26063376000002 0.0013032100000000047 255.9999999999999 299.48379136000005 620.0149800100002 1829.409766559999 676.5200999999998 70.7281 175.55190016000003 160.62013696 238.54493601000004 197.75390624999991 10.266256810000002 941.9743105599994 0.6560999999999998 173.6306936099999 354.77982735999996 3.5227536099999965 10.038758559999996 1296.0 167.9616 650.3775062500004 368.04120335999966 1.7490062499999994 14.757890559999986 4.543718559999999 2163.4033537600003 3460.83947521 89.99178495999996 2555.514814409999 0.5470081599999996 22.17373920999998 645.2412825599996 371.4138384100002 381.67092496 245.91257855999987 492.13429280999964 1.2624769600000003 1100.7531417599998 266.3946265599998 8.157307209999999 1.4641000000000004 329.33538575999995 1.8738872099999995 0.8493465599999999 1.2960000000000045e-05 0.025599999999999977 155.27402880999998 228.98045041000003 54.73632256000002 199.87173376000004 277.10263296 479.71512575999986 544.23757521 850.3056000000003 2569.922191359999 0.7807489599999998 0.25411681000000025 0.12117361000000007 0.18974735999999964 231.34409999999997 0.0016000000000000057 0.031116960000000044 585.94980096 635.0601601599998 392.13900624999974 29.982195360000016 76.76563455999995 61.46560000000002 181.4112672099999 1752.3349488099989 1116.1211905599996 1.6000000000000056e-07 0.14776335999999968 0.40959999999999963 0.0013032100000000047 581.2004856100001 54.73632256000002 1.08243216
471.56728336000003 219.70650624999993 4.181616009999996 535.2791232099999 0.09834495999999973 21.767823360000005 4.420506250000013 0.1785062500000004 544.23757521 831.5668016099995 0 73.70050800999996 204.15837455999997 5.337948159999994 0.40959999999999963 635.0601601599998 50.82121520999999 585.94980096 34.867844009999985 0.12117360999999989 10.497599999999997 0.0001464100000000017 1468.1235192099996 8.957450410000009 3.0359577600000027 0.35153040999999924 753.9197977600002 133.63359999999992 504.7930497600001 1656.84817936 374.8096000000001 0.0487968099999999 381.67092496 0.0003841600000000062 0.1785062500000004 475.62811920999997 6.249999999999911e-06 0.0006553600000000023 1.8106393600000008 530.8416 7.23394816000001 2.0053392099999967 195.65295375999995 3.626739359999999 440.00935696000005 825.3899161599996 0.13845840999999948 0.01185921000000001 290.93783761 8.15730720999999 10.266256810000002 0.053084160000000186 248.40596880999993 1.1255088099999973 23.425600000000006 1.0406040099999991 385.1367000099999 83.18169615999996 567.1256473599999 976.4437536099999 0.00020736000000000073 41.623142560000005 5.0625 14.164684959999985 21.36750624999998 1.0406040099999991 117.16114081 0.8145062500000007 2.14358881 0.6560999999999985 5.624486560000014 795.0200552099998 228.98045040999992 11.968832159999986 0.01185921000000001 0.0027984100000000207 0.020851359999999975 228.98045040999992 0.14776336000000095 364.69158960999977 36.62186256 118.59209999999997 378.2285936100001 0.0625 189.45044880999998 1085.5443457600002 125.94450624999995 23.00257520999998 955.6506649599997 3.522753610000001 2.14358881 0.020851359999999975 1.8738872099999995 0.0053144099999999665 37.220980809999986 8.957450409999991 10.73283120999999 4.299816959999994 6.887475360000002 164.26010895999994 0.0008352099999999986 399.2363648099999 9.166361760000004 1.1255088099999973 256.0 166.10312160999996 0.1575296100000008 9.81506240999999 0.01048575999999992 0.9605960100000008 317.13911055999995 135.21270961000002 233.72600160999994 4.420506250000013 27.984100000000034 27.500584810000003 9.166361760000004 413.7196680099999 104.85760000000002 0.01185921000000001 0.9223681599999982 0.8145062500000007 3.9525416100000017 0.18974736000000017 1709.4007560099997 0.023134410000000136 3.1290072100000006 183.39659775999993 332.4386424099999 1.5180704099999969 311.1695999999998 378.2285936100001 869.3593280099998 610.1344608099998 11.462287359999996 4.797852159999994 49.31550624999996 6.718982409999991 2.7692288100000004 0.22667120999999935 0.08503056000000002 8.100000000000269e-07 9.37890625 385.1367000099999 1366.51472896 1261.78406656 492.13429281 4.669488809999997 962.5444200100002 1123.86528081 0.041006250000000063 0.01500624999999994 0.7163929599999997 84.28892480999993 33.73402561000001 43.62470400999996 8.352100000000004 1.4640999999999982 0.02825761000000004 844.0245144099998 509.06640625 436.1790480100001 955.6506649599997 0.044774559999999984 49.31550624999996 358.0610062499999
8.95745041 0.7163929599999997 5.0625 12.491983359999997 31.549565610000005 0.35153040999999924 368.0412033600003 164.26010896000003 13.032099999999998 35.445352959999994 73.70050800999996 0 0.5220062500000002 3.9525416100000017 20.583461609999997 19.080297609999995 0.004569759999999985 15.682392010000006 0.0625 29.98219535999999 1.6304736099999995 85.40717056 112.94588175999996 471.56728336000003 326.25390625 187.41609999999986 28.47396321 0.0487968099999999 10.73283121 141.66950625000004 4.6694888100000025 36.62186256 4.928844010000002 88.82874001000003 164.26010896000003 9.166361760000004 78.86150415999995 91.16621360999999 279.82932960999995 12.228309610000002 436.1790480100001 9.166361760000004 0.4304672100000001 5.772006249999998 7.412006249999998 34.867844010000006 157.04099855999985 112.94588175999996 2.073600000000001 455.5834113599997 1.6889601599999982 135.21270961000002 1.1698585600000002 245.91257855999976 0.2839824099999993 13.589544959999998 5.0625 6.560999999999958e-05 14.459006250000005 50.06411536000001 62.348395209999964 0.023134409999999925 4.181616009999996 0.9605960100000008 0.37015056000000046 13.589544959999998 0.01679616000000006 15.369536159999985 8.752130559999994 16.98181681000001 399.2363648100002 32.08542736 0.8493465599999999 526.4317248099997 112.94588175999996 99.71220736000002 42.28250624999999 0.8493465599999999 158.82300625000013 4.299816959999999 0.0487968099999999 0.018741610000000023 4.79785216 138.41287200999994 0.37015056000000046 62.34839521000001 0.031116959999999978 0.29986576000000037 47.843505609999994 5.922408959999994 8.752130559999994 42.28250624999999 282.5760999999999 50.06411536000001 0.044774559999999984 2.073600000000001 1.5735193600000006 4.928844010000002 2.9449992099999966 0.1785062499999999 92.35209999999996 5.62448656 2.0053392099999967 13.03210000000001 1.3107960100000013 0.18974736000000017 160.62013696000008 1.8106393600000008 46.404706410000024 14.164684959999985 2.7692288100000004 0.053084160000000186 0.9223681599999999 368.0412033600003 748.1811384100002 0.16777215999999967 475.62811920999997 6.232012960000001 0.005314410000000037 45.69759999999997 14.459006250000005 15.369536159999985 5.337948159999994 26.55237840999998 150.0625 121.49330176000004 6.553599999999994 0.31640625 3.2241793599999986 10.971993760000007 2.6014464100000003 4.79785216 39.0625 17.31891456 1.4115816099999992 4.4205062500000025 0.006146560000000022 3.0359577600000027 7.233948159999994 25.17630976000001 32.62808640999998 76.76563456 479.71512575999986 5.0625 98.45600625000004 84.28892481000003 10.038758560000005 4.543718559999999 48.57532416000001 66.90585616000003 37.827420159999974 44.30766096000001 16.322408009999993 9.999999999999858e-05 0.07311615999999976 0.01679616000000006 2.2888664099999967 263.7668328099998 124.44741135999998 36.62186256 10.971993760000007 7.233948160000002 47.843505609999994 37.220980809999986 0.006146560000000022 4.0658689599999995
0.5996953599999997 2.4009999999999782e-05 30.498006250000003 1.1255088099999992 107.50371856000002 6.8874753599999945 748.1811384100002 385.1367000099999 1.2155062499999991 6.391289609999998 204.15837455999997 0.5220062500000002 0 26.08757776000001 78.86150416 2.3642137599999984 1.5180704099999993 1.6889601600000008 3.321506250000001 103.55301121 15.36953616 228.98045041000003 33.73402561000001 921.7356720099998 676.5200999999998 428.5935062499996 4.543718559999999 0.020851360000000076 0.8493465599999999 45.69760000000001 0.1477633600000001 120.03612721 0.16777216000000014 236.12624896000008 385.1367000099999 0.6274224100000003 215.1766272099999 240.98215696 595.5356929599998 1.08243216 862.97287696 44.99860561000002 2.560000000000009e-06 33.1776 0.40959999999999963 6.232012960000001 371.4138384099996 285.34304240999984 0.015006250000000014 895.2602568099993 15.682392009999992 329.33538575999995 0.0013032099999999984 535.2791232099994 6.232012959999994 58.87339441 0.1785062499999999 0.3336217600000004 1.4641000000000004 10.73283121 179.44209935999993 2.3642137599999984 27.023362559999992 11.462287360000008 7.059117610000006 58.87339441 0.05764800999999989 64.14247920999996 43.62470400999999 68.79707136000003 801.0258457600002 5.479812809999997 0.00014640999999999932 1011.8506521599992 285.34304240999984 258.56961600999995 133.63359999999997 0.00014640999999999932 374.8096000000001 0.12117360999999989 3.0359577599999987 0.05308415999999999 0.1575296099999999 335.5637785599998 2.4009999999999782e-05 14.757890559999998 0.03418801000000005 6.391289610000005 10.03875856 33.73402560999998 43.62470400999999 133.63359999999997 600.3725062499997 151.78486401000004 2.9449992100000006 17.66100625000001 15.061384810000005 29.982195360000016 21.767823359999987 0.0016000000000000057 243.43800624999994 0.22667120999999993 17.318914559999985 57.191406250000036 0.0023425600000000083 0.0013032099999999984 378.2285936100001 16.322408010000007 143.31920656000005 60.592212809999964 0.03748095999999998 0.018741609999999933 0.0002856099999999991 748.1811384100002 1366.51472896 4.928844009999997 928.4452761599997 0.28398240999999996 0.1131649599999997 141.66950624999996 61.46560000000002 64.14247920999996 31.54956560999998 94.75854335999996 49.31550624999999 302.37384320999996 36.030006249999985 0.00010000000000000036 0.05764800999999989 50.82121521000003 0.031116959999999978 0.1575296099999999 7.412006249999998 2.00533921 14.164684959999999 27.984100000000012 1.630473610000002 22.173739210000015 38.44124000999999 91.16621361000004 110.19960575999997 210.71715921 935.1914448099996 0.1785062499999999 27.98409999999999 22.585305759999986 0.7480520100000005 28.47396321 10.266256810000002 16.322408009999993 122.96370320999995 138.41287201000003 66.90585615999998 0.3164062500000008 3.5227536099999965 2.143588810000003 18.717736959999986 567.1256473599996 308.21664720999985 6.718982409999998 0.8852928100000007 0.3895008100000001 10.03875856 121.49330175999998 1.630473610000002 0.10556000999999988
